3 
3 4 
3 4 6 
3 4 6 21 
3 4 6 21 10 
3 4 6 21 10 7 
3 4 6 21 10 7 8 
3 4 6 21 10 7 8 22 
3 4 6 21 10 7 8 22 28 
3 4 6 21 10 7 8 22 28 13 
3 4 6 21 10 7 8 22 28 13 19 
3 4 6 21 10 7 8 22 28 13 19 25 
3 4 6 21 10 7 8 22 28 13 19 25 20 
4 10 6 21 13 7 8 22 28 20 19 25 
3 
4 3 
6 3 4 
21 6 4 3 
21 10 4 3 6 
21 10 7 3 6 4 
21 10 8 3 6 4 7 
22 21 8 10 6 4 7 3 
28 22 8 21 6 4 7 3 10 
28 22 8 21 13 4 7 3 10 6 
28 22 8 21 19 4 7 3 10 6 13 
28 22 25 21 19 8 7 3 10 6 13 4 
28 22 25 21 19 20 7 3 10 6 13 4 8 
